0,11,1,0,16,0,8,0,0,15,0,7,0,14,5,0
3,13,0,0,0,15,0,0,0,0,2,0,0,0,12,10
6,0,2,0,0,1,9,10,8,14,5,0,0,3,0,15
0,0,0,0,0,12,0,2,16,0,1,0,0,0,0,0
16,0,0,0,10,0,5,8,13,2,0,4,0,0,0,3
0,1,3,4,0,0,0,0,0,0,0,0,5,16,2,0
9,0,10,0,3,0,0,13,11,0,0,15,0,12,0,14
0,0,11,13,1,0,12,0,0,5,0,16,15,6,0,0
0,0,8,16,13,0,1,0,0,11,0,6,2,7,0,0
13,0,9,0,14,0,0,7,5,0,0,12,0,15,0,16
0,15,7,1,0,0,0,0,0,0,0,0,10,11,13,0
2,0,0,0,15,0,16,12,7,9,0,1,0,0,0,6
0,0,0,0,0,14,0,16,6,0,8,0,0,0,0,0
8,0,14,0,0,13,6,1,2,7,15,0,0,5,0,11
1,12,0,0,0,4,0,0,0,0,11,0,0,0,15,8
0,16,6,0,12,0,15,0,0,13,0,3,0,2,7,0

r
4x4