0,0,0,0,0,0,0,0,0
0,0,0,0,0,0,0,0,0
0,0,0,0,0,0,0,0,0
0,0,0,0,0,0,0,0,0
0,0,0,0,0,0,0,0,0
0,0,0,0,0,0,0,0,0
0,0,0,0,0,0,0,0,0
0,0,0,0,0,0,0,0,0
0,0,0,0,0,0,0,0,0

r
3x3

b
0,0|0,1|0,2|1,0|2,0     -> 20
3,0|4,0|4,1|5,0|6,0     -> 28
7,0|7,1|7,2|8,2         -> 20
8,0|8,1                 -> 10
5,1|6,1                 -> 13
1,1|1,2|1,3|2,1|2,2|3,1 -> 31
0,3|0,4|0,5|0,6|1,4     -> 27
1,5|1,6                 -> 8
0,7|1,7|2,7|2,8         -> 14
0,8|1,8                 -> 16
2,5|3,5                 -> 16
2,6|3,6                 -> 11
2,4|3,4                 -> 3
2,3|3,3|3,2             -> 17
4,2|4,3                 -> 5
5,2|5,3                 -> 4
6,2|6,3                 -> 15
4,4|4,5|5,4|5,5         -> 26
6,4|6,5|7,5             -> 10
7,3|7,4|8,3             -> 16
8,4|8,5                 -> 12
3,7|3,8|4,7             -> 16
4,6|5,6|5,7             -> 12
4,8|5,8                 -> 10
6,6|6,7|6,8|7,6|7,7|8,6 -> 31
7,8|8,8|8,7             -> 14