0,0,0,0,0,0,0,0,0
0,0,0,0,0,0,0,0,0
0,0,0,0,0,0,0,0,0
0,0,0,0,0,0,0,0,0
0,0,0,0,0,0,0,0,0
0,0,0,0,0,0,0,0,0
0,0,0,0,0,0,0,0,0
0,0,0,0,0,0,0,0,0
0,0,0,0,0,0,0,0,0

r
3x3

b
0,0|1,0|2,0         -> 18
0,1|1,1|2,1|3,1     -> 22
3,0|4,0|4,1         -> 7
3,2|4,2|5,2         -> 20
5,0|6,0             -> 13
7,0|7,1             -> 17
8,0|8,1|8,2|8,3|8,4 -> 19
7,2|7,3|7,4         -> 12
8,5|8,6             -> 12
6,8|7,8|8,8         -> 13
5,7|6,7|7,7|8,7     -> 16
5,1|6,1|6,2|6,3     -> 23
0,2|0,3             -> 5
1,2|1,3|2,2|2,3     -> 18
0,4|0,5|0,6|0,7|0,8 -> 35
1,4|1,5|1,6         -> 15
1,7|1,8             -> 9
2,4|3,4|3,5         -> 10
2,5|2,6|2,7|3,7     -> 16
3,3|4,3|4,4|4,5|5,5 -> 23
5,3|5,4|6,4         -> 18
6,5|6,6|7,5|7,6     -> 20
3,6|4,6|5,6         -> 16
4,7|4,8|5,8         -> 15
2,8|3,8             -> 13