0,0,0,0,0,0,0,0,0
0,0,0,0,0,0,0,0,0
0,0,0,0,0,0,0,0,0
0,0,0,0,0,0,0,0,0
0,0,0,0,0,0,0,0,0
0,0,0,0,0,0,0,0,0
0,0,0,0,0,0,0,0,0
0,0,0,0,0,0,0,0,0
0,0,0,0,0,0,0,0,0

r
3x3

b
0,0|0,1         -> 12
1,0|1,1         -> 14
0,2|1,2         -> 3
2,0|3,0         -> 14
2,1|2,2         -> 7
3,1|3,2         -> 11
4,0|4,1         -> 10
4,2|5,2         -> 14
5,0|6,0         -> 8
5,1|6,1         -> 5
7,0|7,1|8,0|8,1 -> 16
6,2|7,2         -> 12
8,2|8,3         -> 14
0,3|0,4         -> 5
0,5|0,6         -> 11
1,3|1,4         -> 14
1,5|2,5|2,4     -> 17
2,3|3,3|3,4     -> 17
3,5|3,6         -> 7
4,3|4,4         -> 9
4,5|5,5|5,4     -> 20
5,3|6,3         -> 7
6,4|7,4|7,3     -> 9
6,5|7,5|8,5|8,4 -> 28
0,7|0,8         -> 15
1,6|1,7         -> 6
2,6|2,7         -> 8
1,8|2,8         -> 8
3,7|4,7         -> 5
3,8|4,8         -> 13
4,6|5,6         -> 6
5,7|5,8         -> 15
6,6|6,7         -> 17
7,6|7,7         -> 9
8,6|8,7|8,8     -> 11
6,8|7,8         -> 8