0,0,0,0,0,0,0,0,0
0,0,0,0,0,0,0,0,0
0,0,0,0,0,0,0,0,0
0,0,0,0,0,0,0,0,0
0,0,0,0,0,0,0,0,0
0,0,0,0,0,0,0,0,0
0,0,0,0,0,0,0,0,0
0,0,0,0,0,0,0,0,0
0,0,0,0,0,0,0,0,0

r
3x3

b
0,0|1,0 -> 17
0,1|1,1 -> 13
2,0|3,0 -> 4
2,1|3,1 -> 7
4,0|4,1 -> 5
5,0|6,0 -> 12
5,1|6,1 -> 17
5,2|6,2|6,3 -> 19
7,0|8,0 -> 8
7,1|7,2|7,3 -> 8
0,2|1,2|1,3 -> 9
2,2|2,3 -> 10
3,2|4,2 -> 16
8,1|8,2 -> 11
0,3|0,4 -> 3
0,5|1,4|1,5 -> 16
2,4|2,5 -> 16
3,3|3,4 -> 11
4,3|4,4 -> 5
5,3|5,4 -> 13
3,5|3,6 -> 15
4,5|4,6|4,7|4,8 -> 28
5,5|6,5 -> 7
6,4|7,4|7,5 -> 12
8,3|8,4 -> 12
8,5|8,6 -> 5
0,6|0,7|0,8|1,7 -> 24
1,6|2,6|2,7 -> 17
1,8|2,8 -> 4
3,7|3,8 -> 5
5,6|5,7|5,8 -> 12
6,6|7,6 -> 9
6,7|6,8 -> 5
7,7|8,7 -> 16
7,8|8,8 -> 14